[bg-01.jpg]
moddate=80b6dc2729f8d301
width=693
height=693
text=1;135;6;Foodie;Script MT Bold;0.250934,0.291937,0.201481,6.283185;v1,4294967295,4278190080,128.000000,1.000000,0.000000,1.000000,700,0,49152;;
textactive=1
